# *****		HAND SELECTED		*****
#	extended catalog of pts \ DS9
#	x	y	radius
       20319.510       1537.2864       49.821406
       19991.882       1307.1168       16.436274
       20089.341       1365.1776       11.387212
       20242.787       1365.1776       8.4470922
       20066.531       1414.9440       17.980846
       20012.618       1406.6496       9.0631457
       19475.325       2244.5376       63.336521
       17824.739       2256.9792       72.302295
       18276.784       2062.0608       13.711401
       18090.160       2485.0752       20.169971
       19396.528       2302.5984       7.0331402
       18372.170       2526.5472       9.7103201
       18137.200       1428.0000       12.361183
       17443.600       1222.8000       8.2149519
       18251.200       1453.2000       9.2186646
       18424.000       1201.2000       14.001287
       17753.200       1494.0000       10.588054
       17416.000       1684.8000       6.1353875
       17390.800       1716.0000       12.940291
       16992.400       964.80000       14.817316
       17107.600       1414.8000       18.795566
       17070.400       1420.8000       25.167836
       16724.800       956.40000       24.000000
       16706.800       2239.2000       24.678126
       17509.600       1938.0000       8.7906967
       17144.800       2049.6000       11.660456
       16792.000       1992.0000       13.004010
       16446.400       2253.6000       13.704752
       16297.600       1780.8000       7.2524447
       16289.200       1968.0000       3.7023903
       15908.800       2224.8000       4.3226788
       16033.600       2247.6000       5.5256217
       16010.800       2262.0000       12.868313
       15930.400       2252.4000       7.2227434
       15833.200       2151.6000       12.918953
       16290.400       2498.4000       9.9849903
       15433.600       2150.4000       10.134145
       15425.200       2136.0000       8.2565128
       15415.600       2164.8000       9.5529326
       15402.400       2169.6000       8.2424372
       15412.000       2119.2000       8.7903729
       15418.000       2079.6000       8.1153475
       15114.400       2307.6000       9.3422269
       15118.000       2290.8000       6.4063133
       15186.400       2024.4000       17.779964
       15052.000       2148.0000       8.2750606
       14818.000       2098.8000       12.958561
       14843.200       2076.0000       10.096245
       14824.000       2077.2000       6.1120269
       14846.800       1980.0000       10.097771
       14389.600       820.80000       42.093629
       14425.600       772.80000       16.087645
       14389.600       718.80000       10.962638
       14411.200       711.60000       5.7854352
       14681.200       721.20000       5.9161739
       14044.000       969.60000       6.2327798
       14102.800       1645.2000       182.19545
       13820.800       1330.8000       10.401406
       13614.400       974.40000       27.848338
       13530.400       907.20000       30.947172
       13474.000       546.24000       21.741857
       13170.160       670.08000       14.023155
       14009.680       986.88000       9.6238141
       11769.520       348.48000       42.025153
       11662.960       365.76000       21.766870
       11706.160       295.20000       26.861522
       12025.840       259.20000       14.250135
       11978.320       300.96000       7.9211598
       12429.040       250.56000       8.1235694
       10498.480       239.04000       19.954681
       9843.2800       135.36000       24.780683
       9837.5200       47.520000       13.187549
       8783.4400       608.64000       134.38215
       8930.3200       532.32000       31.212394
       8972.0800       617.28000       15.820528
       9048.4000       592.80000       18.499295
       13436.080       2874.7200       80.508307
       13499.440       2778.2400       28.800000
       12999.760       2857.4400       18.052710
       12943.600       2889.1200       23.760646
       13001.200       2817.1200       15.845141
       13947.280       2771.0400       15.129879
       9351.2800       2939.5200       47.947991
       9423.2800       2974.0800       12.490285
       9292.2400       2870.4000       7.8578052
       9352.7200       2824.3200       8.0970316
       9141.0400       2817.1200       25.074374
       9165.5200       2838.7200       20.018043
       9246.1600       2820.0000       14.783061
       9192.8800       2814.2400       14.589134
       9259.1200       2748.0000       13.925632
       9217.3600       2812.8000       11.977818
       9264.8800       2868.9600       10.447915
       9264.8800       2843.0400       13.310721
       8477.2000       2406.7200       64.086912
       8507.4400       2784.0000       9.0835279
       8533.3600       2701.9200       8.3710727
       8403.7600       2346.2400       17.605086
       7354.4800       2708.1600       31.422339
       7322.8000       2768.6400       32.322524
       7427.9200       2551.2000       19.832152
       7492.7200       2484.9600       25.659546
       7459.6000       2453.2800       20.125625
       7373.2000       2597.2800       19.646514
       7414.9600       2585.7600       13.954458
       5578.4800       2269.9200       80.802726
       6454.0000       2114.4000       12.499954
       6448.2400       2020.8000       14.482343
       6292.7200       2102.8800       9.5209279
       6429.5200       2029.4400       10.492672
       6418.0000       2068.3200       12.858350
       6997.8400       1856.6400       33.298972
       6878.3200       1814.8800       21.197434
       6953.2000       1693.9200       27.820745
       6963.2800       1771.6800       19.880924
       6850.9600       1384.3200       41.762546
       7090.9600       1226.8800       12.286999
       7024.7200       1281.6000       14.253516
       7150.0000       1188.0000       15.882283
       7634.9920       979.68000       11.304855
       7092.4000       456.09600       21.022010
       6280.8160       565.24800       69.092669
       6244.2400       636.96000       12.647657
       6814.4800       769.44000       25.380571
       7283.9200       533.28000       7.3894710
       7269.5200       514.56000       8.3201822
       6595.6000       766.56000       27.041531
       5883.2800       1116.9600       24.594098
       5998.4800       1256.6400       22.502995
       5408.0800       1060.8000       11.006740
       5441.2000       1271.0400       14.645951
       5802.6400       1379.0400       13.293344
       5091.2800       1106.8800       12.492542
       6310.4800       1640.1600       8.1277770
       5707.1200       1847.5200       0.0000000
       5699.9200       1850.4000       9.0164031
       6034.0000       2085.1200       14.190494
       5728.7200       1827.3600       12.445494
       5681.2000       1686.2400       6.4163544
       5250.6400       1696.3200       30.443827
       5551.6000       1831.6800       10.372487
       5265.0400       1648.8000       14.505116
       4812.8800       2171.5200       8.9168132
       5278.0000       1969.9200       8.3894017
       5286.6400       1909.4400       16.681493
       4912.2400       1689.1200       11.692418
       4943.9200       1687.6800       12.088958
       4690.4800       1971.3600       10.903412
       5079.2800       2028.9600       8.0511776
       5691.2800       1918.0800       7.9484677
       6127.6000       1596.9600       11.665065
       5769.0400       1722.2400       11.076236
       5491.1200       1581.1200       13.873721
       5394.6400       2611.2000       49.380817
       6175.1200       2877.6000       13.990314
       6173.6800       2811.3600       10.642130
       6464.5600       2798.4000       21.645939
       5902.9600       2585.2800       44.051590
       6332.0800       2667.3600       14.150421
       4946.8000       2439.8400       22.081574
       4397.2000       2045.7600       34.568946
       4515.2800       2076.0000       13.478825
       4503.7600       2122.0800       11.564446
       4500.8800       1898.8800       10.669720
       4019.9200       1796.6400       22.137445
       4370.8000       2405.2800       23.424214
       3911.4400       2146.0800       48.324762
       4081.3600       2344.8000       19.955694
       4254.1600       2475.8400       14.970112
       4163.4400       2123.0400       18.452356
       3814.9600       1827.8400       60.457058
       3652.2400       1803.3600       15.068370
       3482.3200       2356.3200       26.337031
       3178.4800       2334.7200       22.172823
       4601.2000       2114.4000       36.072915
       3135.2800       1917.1200       21.996125
       3073.3600       2190.7200       17.640012
       3704.0800       2380.8000       16.074423
       4226.8000       2566.5600       16.039161
       2410.4800       2341.9200       28.800000
       2316.8800       2399.5200       23.531956
       2384.5600       2046.7200       69.322242
       2914.4800       2055.3600       18.753159
       2784.8800       2421.1200       16.745446
       2227.6000       1807.6800       16.689345
       3252.8800       2180.6400       15.157257
       2957.6800       1967.5200       13.464465
       2447.9200       1816.3200       24.059218
       2429.2000       2569.9200       17.198392
       2352.8800       2309.2800       40.518069
       2616.4000       1697.2800       20.902228
       2828.0800       1275.3600       33.598846
       2262.1600       1351.6800       20.017990
       3550.9600       1227.8400       16.598590
       3791.4400       1550.4000       17.907491
       3808.7200       1602.2400       17.701780
       3906.6400       1690.0800       16.322217
       2544.4000       1122.7200       18.024028
       1954.0000       1152.9600       20.858830
       1903.6000       1138.5600       17.845218
       2135.4400       1301.2800       14.878570
       2000.0800       1406.4000       18.659273
       2836.7200       1361.7600       11.270393
       2617.8400       1367.5200       17.564252
       2021.6800       1041.6000       80.237901
       2938.9600       1054.5600       16.024384
       1432.7200       1090.5600       14.977503
       1560.8800       1408.8000       9.6724371
       1245.5200       1371.3600       14.609741
       1841.6800       1316.6400       13.415692
       2236.2400       1051.6800       19.131857
       1682.8000       1646.8800       51.354664
       1671.2800       1728.9600       13.332787
       1270.9600       1819.6800       25.537076
       1340.0800       1168.8000       20.130642
       1318.4800       1413.6000       17.053926
       1872.8800       1776.4800       10.784008
       2001.5200       2042.4000       42.567948
       1588.2400       1911.3600       15.009452
       1313.2000       1997.7600       29.675705
       1221.0400       2023.6800       11.423246
       1111.6000       1937.2800       16.408995
       1528.2400       2578.5600       16.752545
       1454.8000       2545.4400       12.835506
       1410.1600       2541.1200       11.015302
       2507.4400       2510.8800       8.8900552
       3035.9200       2332.3200       14.538640
       2098.4800       2152.3200       15.437517
       5119.8227       1265.8648       13.307488
       4281.3583       1330.3620       27.440993
       4886.9159       1706.5960       13.680599
       5157.0877       1513.8209       11.295512
       4348.7221       1586.9178       13.350840
       4107.9324       1608.4168       0.0000000
       4086.4333       1608.4168       11.809702
       1783.9836       1904.0804       7.4307656
       5693.2339       1065.6161       27.522671
       4722.1919       2144.1535       12.712126
       5227.4204       2377.0603       18.936347
       5793.5629       2308.9799       20.293208
       5875.9761       1581.5942       22.482550
       2901.9360       1707.0055       6.5280338
       3722.4844       1513.5137       8.3959149
       1547.4937       2459.4735       14.261971
       6941.5119       2080.8848       13.031026
       7747.7276       1038.1792       24.047375
       7221.0000       787.35652       9.8414182
       12626.382       258.68375       8.6270125
       11031.867       280.18284       14.106487
       12343.311       294.51556       15.225020
       16728.612       1904.8994       17.592574
       17015.267       1836.8190       22.796587
       17330.587       2134.2230       18.828639
       20150.755       2262.8080       12.880183
       20046.843       1517.5064       24.205271
       19409.037       1159.1883       17.486931
       19029.219       1338.3474       18.993800
       19409.037       1363.4296       15.722594
       20365.746       1216.5192       16.525011
       18430.828       1091.1079       15.557228
       20064.759       2506.4643       20.248994
       18065.344       1685.9159       17.191608
       12013.400       2740.8000       6.0702337
       11982.200       2761.2000       5.3574314
       7096.1948       377.78595       11.428540
