# File generated by CMD 2.7 (http://stev.oapd.inaf.it/cmd) on Fri Nov  7 17:18:02 CET 2014
# PARSEC isochrones, release v1.1
# Basic reference: Bressan et al. (2012), MNRAS, 427, 127
# Warning: the TP-AGB phase is not included! TP-AGB tracks are in preparation by Marigo et al.
# Photometric system: Spitzer IRAC+MIPS
# BCs of Carbon stars derive from Aringer et al. (2009, A&A 503, 913)
# O-rich circumstellar dpmod60alox40 dust from Groenewegen (2006)
# C-rich circumstellar dust ignored
# IMF: Chabrier (2001) lognormal 
# On RGB, assumed Reimers mass loss with efficiency eta=0.2
# Kind of output: isochrone tables
#	Isochrone  Z = 0.01600	Y = 0.27713	[M/H] = 0.039	eta_R = 0.200	Age = 	1.0000e+09 yr
#      Z	log(age/yr)	M_ini   	M_act	logL/Lo	logTe	logG	mbol    IRAC_3.6 IRAC_4.5 IRAC_5.8 IRAC_8.0 MIPS_24 MIPS_70 MIPS_160	int_IMF	stage
	0.016000	9.0000	0.10000000	0.1000	-2.9125	3.4971	5.2849	12.051	9.015	8.946	8.914	8.887	8.403	6.905	8.286	1.57040203	0
	0.016000	9.0000	0.12000000	0.1200	-2.6595	3.5244	5.2203	11.419	8.511	8.442	8.407	8.391	7.918	6.431	7.858	1.74782515	0
	0.016000	9.0000	0.14000000	0.1400	-2.4871	3.5398	5.1765	10.988	8.145	8.086	8.047	8.034	7.572	6.091	7.544	1.89584959	0
	0.016000	9.0000	0.16000000	0.1600	-2.3537	3.5503	5.1428	10.654	7.856	7.804	7.762	7.751	7.299	5.830	7.292	2.02115250	0
	0.016000	9.0000	0.20000000	0.2000	-2.1525	3.5640	5.0934	10.151	7.427	7.375	7.349	7.343	6.980	5.965	6.953	2.22178221	0
	0.016000	9.0000	0.25000000	0.2500	-1.9660	3.5748	5.0473	9.685	7.019	6.968	6.955	6.953	6.661	6.007	6.618	2.40809011	0
	0.016000	9.0000	0.33018243	0.3302	-1.7339	3.5861	4.9811	9.105	6.496	6.461	6.448	6.448	6.223	5.841	6.170	2.61582065	0
	0.016000	9.0000	0.32450381	0.3245	-1.7451	3.5854	4.9819	9.133	6.520	6.484	6.471	6.471	6.242	5.843	6.190	2.60373116	1
	0.016000	9.0000	0.34999999	0.3500	-1.6974	3.5885	4.9796	9.014	6.418	6.386	6.373	6.373	6.164	5.840	6.109	2.65552020	1
	0.016000	9.0000	0.37079868	0.3708	-1.6421	3.5907	4.9581	8.875	6.289	6.262	6.248	6.248	6.052	5.781	5.995	2.69347525	1
	0.016000	9.0000	0.39741430	0.3974	-1.5740	3.5928	4.9285	8.705	6.129	6.105	6.091	6.091	5.908	5.687	5.849	2.73732901	1
	0.016000	9.0000	0.40000001	0.4000	-1.5690	3.5931	4.9273	8.693	6.118	6.094	6.080	6.080	5.899	5.684	5.839	2.74133730	1
	0.016000	9.0000	0.44999999	0.4500	-1.4637	3.5995	4.8987	8.429	5.889	5.877	5.862	5.863	5.722	5.661	5.658	2.81098008	1
	0.016000	9.0000	0.50000000	0.5000	-1.3495	3.6069	4.8600	8.144	5.634	5.638	5.617	5.611	5.491	5.448	5.432	2.86847806	1
	0.016000	9.0000	0.51923943	0.5192	-1.2958	3.6106	4.8373	8.009	5.514	5.526	5.502	5.492	5.381	5.341	5.326	2.88801122	1
	0.016000	9.0000	0.55000001	0.5500	-1.2272	3.6160	4.8154	7.838	5.365	5.388	5.360	5.344	5.247	5.211	5.197	2.91663504	1
	0.016000	9.0000	0.56065768	0.5607	-1.1974	3.6182	4.8028	7.763	5.300	5.327	5.297	5.279	5.187	5.153	5.139	2.92588067	1
	0.016000	9.0000	0.56812972	0.5681	-1.1768	3.6198	4.7944	7.712	5.255	5.286	5.255	5.235	5.147	5.114	5.100	2.93217325	1
	0.016000	9.0000	0.57289433	0.5729	-1.1635	3.6208	4.7886	7.679	5.226	5.259	5.227	5.206	5.120	5.088	5.075	2.93610740	1
	0.016000	9.0000	0.57630038	0.5763	-1.1539	3.6214	4.7842	7.655	5.204	5.239	5.206	5.185	5.101	5.069	5.056	2.93888330	1
	0.016000	9.0000	0.57883555	0.5788	-1.1468	3.6219	4.7808	7.637	5.188	5.224	5.191	5.169	5.086	5.055	5.041	2.94093013	1
	0.016000	9.0000	0.60000002	0.6000	-1.0986	3.6260	4.7647	7.517	5.087	5.129	5.094	5.068	4.995	4.966	4.953	2.95739889	1
	0.016000	9.0000	0.64999998	0.6500	-0.9673	3.6386	4.7186	7.188	4.832	4.885	4.849	4.815	4.762	4.734	4.721	2.99236870	1
	0.016000	9.0000	0.69999999	0.7000	-0.8349	3.6529	4.6755	6.857	4.589	4.648	4.614	4.571	4.539	4.513	4.501	3.02253795	1
	0.016000	9.0000	0.75000000	0.7500	-0.7005	3.6721	4.6478	6.521	4.383	4.441	4.411	4.366	4.347	4.331	4.319	3.04879928	1
	0.016000	9.0000	0.80000001	0.8000	-0.5690	3.6921	4.6245	6.193	4.197	4.247	4.223	4.181	4.167	4.158	4.154	3.07187057	1
	0.016000	9.0000	0.83376360	0.8337	-0.4835	3.7051	4.6088	5.979	4.076	4.122	4.100	4.061	4.050	4.043	4.042	3.08588815	1
	0.016000	9.0000	0.85000002	0.8500	-0.4436	3.7112	4.6019	5.879	4.021	4.064	4.044	4.007	3.996	3.989	3.988	3.09222293	1
	0.016000	9.0000	0.89999998	0.9000	-0.3238	3.7287	4.5767	5.580	3.848	3.884	3.867	3.836	3.827	3.820	3.819	3.11026096	1
	0.016000	9.0000	0.92236066	0.9223	-0.2720	3.7358	4.5643	5.450	3.771	3.804	3.788	3.759	3.750	3.744	3.743	3.11768007	1
	0.016000	9.0000	0.94999999	0.9500	-0.2094	3.7445	4.5491	5.294	3.678	3.706	3.692	3.667	3.658	3.653	3.651	3.12635612	1
	0.016000	9.0000	0.96015871	0.9601	-0.1867	3.7474	4.5427	5.237	3.643	3.670	3.656	3.632	3.623	3.618	3.616	3.12941647	1
	0.016000	9.0000	1.00000000	1.0000	-0.0994	3.7587	4.5181	5.018	3.508	3.529	3.518	3.498	3.490	3.484	3.483	3.14080405	1
	0.016000	9.0000	1.04999995	1.0499	0.0070	3.7714	4.4838	4.753	3.336	3.351	3.342	3.328	3.319	3.313	3.312	3.15380883	1
	0.016000	9.0000	1.08704531	1.0870	0.0835	3.7800	4.4566	4.561	3.208	3.219	3.212	3.200	3.192	3.187	3.186	3.16261339	1
	0.016000	9.0000	1.10000002	1.0999	0.1098	3.7829	4.4471	4.495	3.164	3.174	3.167	3.157	3.149	3.143	3.142	3.16554141	1
	0.016000	9.0000	1.10050869	1.1004	0.1109	3.7830	4.4468	4.493	3.162	3.172	3.166	3.155	3.147	3.142	3.140	3.16565490	1
	0.016000	9.0000	1.14999998	1.1499	0.2090	3.7933	4.4090	4.248	2.993	3.000	2.995	2.987	2.980	2.975	2.973	3.17617631	1
	0.016000	9.0000	1.16468513	1.1646	0.2375	3.7963	4.3978	4.176	2.944	2.949	2.944	2.938	2.931	2.926	2.924	3.17911267	1
	0.016000	9.0000	1.20000005	1.1999	0.3050	3.8031	4.3708	4.008	2.826	2.829	2.826	2.820	2.814	2.810	2.807	3.18585706	1
	0.016000	9.0000	1.23306882	1.2330	0.3659	3.8093	4.3462	3.855	2.720	2.722	2.719	2.714	2.709	2.705	2.702	3.19179535	1
	0.016000	9.0000	1.25000000	1.2499	0.3966	3.8124	4.3337	3.779	2.666	2.667	2.665	2.661	2.655	2.652	2.649	3.19470429	1
	0.016000	9.0000	1.29999995	1.2999	0.4831	3.8210	4.2988	3.562	2.514	2.514	2.512	2.510	2.505	2.502	2.500	3.20280719	1
	0.016000	9.0000	1.35000002	1.3499	0.5654	3.8295	4.2667	3.356	2.372	2.370	2.370	2.368	2.363	2.361	2.360	3.21023273	1
	0.016000	9.0000	1.39999998	1.3999	0.6437	3.8380	4.2383	3.161	2.240	2.238	2.238	2.236	2.233	2.231	2.230	3.21705914	1
	0.016000	9.0000	1.42303276	1.4229	0.6786	3.8422	4.2275	3.074	2.185	2.183	2.182	2.181	2.178	2.177	2.176	3.22002125	1
	0.016000	9.0000	1.45000005	1.4499	0.7189	3.8470	4.2144	2.973	2.120	2.118	2.117	2.116	2.114	2.113	2.113	3.22335362	1
	0.016000	9.0000	1.50000000	1.4999	0.7914	3.8564	4.1944	2.792	2.010	2.008	2.007	2.007	2.005	2.005	2.005	3.22917390	1
	0.016000	9.0000	1.50008547	1.5000	0.7915	3.8565	4.1944	2.791	2.010	2.007	2.007	2.007	2.005	2.005	2.005	3.22918367	1
	0.016000	9.0000	1.54999995	1.5499	0.8608	3.8652	4.1742	2.618	1.903	1.900	1.900	1.900	1.899	1.900	1.900	3.23456979	1
	0.016000	9.0000	1.55706346	1.5570	0.8704	3.8664	4.1714	2.594	1.888	1.885	1.885	1.885	1.884	1.885	1.886	3.23530054	1
	0.016000	9.0000	1.60000002	1.5999	0.9279	3.8729	4.1518	2.450	1.793	1.791	1.791	1.791	1.791	1.792	1.793	3.23958373	1
	0.016000	9.0000	1.60698771	1.6069	0.9371	3.8739	4.1485	2.427	1.778	1.775	1.775	1.775	1.776	1.777	1.778	3.24025559	1
	0.016000	9.0000	1.64352524	1.6435	0.9848	3.8784	4.1285	2.308	1.693	1.690	1.690	1.690	1.691	1.693	1.694	3.24365783	1
	0.016000	9.0000	1.64999998	1.6500	0.9933	3.8791	4.1246	2.287	1.677	1.675	1.675	1.675	1.676	1.678	1.679	3.24424219	1
	0.016000	9.0000	1.67272246	1.6727	1.0228	3.8816	4.1110	2.213	1.623	1.620	1.620	1.620	1.621	1.624	1.625	3.24624991	1
	0.016000	9.0000	1.70000005	1.7000	1.0581	3.8843	4.0934	2.125	1.555	1.552	1.552	1.552	1.553	1.556	1.557	3.24857616	1
	0.016000	9.0000	1.72398877	1.7240	1.0889	3.8864	4.0772	2.048	1.494	1.491	1.491	1.492	1.493	1.496	1.497	3.25054955	1
	0.016000	9.0000	1.75000000	1.7500	1.1222	3.8883	4.0582	1.965	1.426	1.423	1.423	1.424	1.425	1.429	1.430	3.25261688	1
	0.016000	9.0000	1.77903950	1.7790	1.1590	3.8900	4.0352	1.872	1.347	1.344	1.344	1.344	1.346	1.350	1.351	3.25484014	1
	0.016000	9.0000	1.79999995	1.8000	1.1856	3.8909	4.0171	1.806	1.287	1.284	1.284	1.284	1.286	1.290	1.291	3.25639176	1
	0.016000	9.0000	1.82561862	1.8256	1.2182	3.8913	3.9926	1.725	1.210	1.207	1.207	1.207	1.209	1.212	1.214	3.25823092	1
	0.016000	9.0000	1.85000002	1.8500	1.2491	3.8914	3.9675	1.647	1.133	1.130	1.129	1.130	1.131	1.135	1.137	3.25992513	1
	0.016000	9.0000	1.87995207	1.8800	1.2867	3.8906	3.9338	1.553	1.033	1.030	1.030	1.030	1.032	1.036	1.037	3.26193500	1
	0.016000	9.0000	1.89999998	1.9000	1.3118	3.8896	3.9093	1.491	0.963	0.960	0.960	0.960	0.961	0.965	0.966	3.26323819	1
	0.016000	9.0000	1.92679763	1.9268	1.3448	3.8872	3.8728	1.408	0.863	0.859	0.859	0.859	0.860	0.864	0.865	3.26493001	1
	0.016000	9.0000	1.95000005	1.9500	1.3732	3.8839	3.8364	1.337	0.767	0.763	0.763	0.763	0.764	0.767	0.768	3.26635003	1
	0.016000	9.0000	1.96814978	1.9681	1.3952	3.8809	3.8063	1.282	0.689	0.685	0.685	0.684	0.686	0.688	0.689	3.26743317	1
	0.016000	9.0000	1.99419630	1.9942	1.4261	3.8752	3.7586	1.205	0.569	0.565	0.565	0.564	0.565	0.567	0.568	3.26894665	1
	0.016000	9.0000	2.00000000	2.0000	1.4328	3.8735	3.7464	1.188	0.539	0.536	0.535	0.534	0.535	0.537	0.538	3.26927757	1
	0.016000	9.0000	2.01984215	2.0198	1.4558	3.8678	3.7046	1.130	0.438	0.434	0.434	0.433	0.433	0.434	0.435	3.27039075	1
	0.016000	9.0000	2.04130459	2.0413	1.4801	3.8597	3.6526	1.070	0.316	0.312	0.312	0.311	0.310	0.310	0.311	3.27156448	1
	0.016000	9.0000	2.04999995	2.0500	1.4898	3.8561	3.6304	1.046	0.265	0.261	0.260	0.259	0.258	0.258	0.258	3.27203131	1
	0.016000	9.0000	2.06282091	2.0628	1.5038	3.8505	3.5967	1.011	0.187	0.183	0.183	0.181	0.179	0.179	0.179	3.27271080	1
	0.016000	9.0000	2.07827997	2.0783	1.5205	3.8426	3.5517	0.969	0.086	0.082	0.081	0.080	0.077	0.076	0.076	3.27351618	1
	0.016000	9.0000	2.09216666	2.0922	1.5367	3.8352	3.5088	0.928	-0.011	-0.014	-0.015	-0.017	-0.021	-0.022	-0.022	3.27422690	1
	0.016000	9.0000	2.09999990	2.1000	1.5466	3.8313	3.4848	0.903	-0.065	-0.068	-0.069	-0.071	-0.076	-0.077	-0.078	3.27462268	1
	0.016000	9.0000	2.10093594	2.1009	1.5478	3.8309	3.4820	0.900	-0.071	-0.075	-0.076	-0.078	-0.082	-0.084	-0.084	3.27466989	1
	0.016000	9.0000	2.10909081	2.1091	1.5619	3.8292	3.4631	0.865	-0.119	-0.122	-0.123	-0.125	-0.130	-0.132	-0.132	3.27507758	1
	0.016000	9.0000	2.11659169	2.1166	1.5899	3.8371	3.4680	0.795	-0.129	-0.133	-0.134	-0.136	-0.139	-0.140	-0.141	3.27544904	1
	0.016000	9.0000	2.11904931	2.1190	1.6106	3.8468	3.4869	0.744	-0.107	-0.112	-0.112	-0.113	-0.116	-0.116	-0.116	3.27557015	1
	0.016000	9.0000	2.12013006	2.1201	1.6297	3.8569	3.5080	0.696	-0.079	-0.083	-0.084	-0.085	-0.086	-0.085	-0.085	3.27562332	1
	0.016000	9.0000	2.12071824	2.1207	1.6495	3.8669	3.5284	0.646	-0.052	-0.056	-0.057	-0.058	-0.058	-0.056	-0.056	3.27565217	1
	0.016000	9.0000	2.12106442	2.1211	1.6708	3.8767	3.5465	0.593	-0.030	-0.034	-0.035	-0.036	-0.035	-0.033	-0.031	3.27566910	1
	0.016000	9.0000	2.12127495	2.1213	1.6932	3.8859	3.5609	0.537	-0.015	-0.019	-0.020	-0.021	-0.019	-0.016	-0.014	3.27567935	1
	0.016000	9.0000	2.12143135	2.1214	1.7158	3.8946	3.5731	0.481	-0.005	-0.009	-0.010	-0.010	-0.008	-0.003	-0.001	3.27568698	1
	0.016000	9.0000	2.12150359	2.1215	1.7232	3.8979	3.5791	0.462	0.002	-0.002	-0.002	-0.003	-0.000	0.005	0.007	3.27569056	2
	0.016000	9.0000	2.12158418	2.1216	1.6917	3.8916	3.5855	0.541	0.033	0.029	0.028	0.027	0.030	0.034	0.035	3.27569461	2
	0.016000	9.0000	2.12164021	2.1216	1.6654	3.8835	3.5793	0.607	0.036	0.032	0.031	0.030	0.032	0.035	0.037	3.27569723	2
	0.016000	9.0000	2.12171149	2.1217	1.6484	3.8719	3.5500	0.649	-0.011	-0.014	-0.015	-0.016	-0.016	-0.014	-0.013	3.27570081	2
	0.016000	9.0000	2.12179160	2.1218	1.6490	3.8605	3.5035	0.647	-0.100	-0.104	-0.104	-0.105	-0.106	-0.105	-0.105	3.27570462	2
	0.016000	9.0000	2.12188721	2.1219	1.6574	3.8489	3.4490	0.626	-0.209	-0.213	-0.213	-0.214	-0.217	-0.217	-0.217	3.27570939	2
	0.016000	9.0000	2.12199759	2.1220	1.6642	3.8374	3.3959	0.609	-0.313	-0.317	-0.318	-0.319	-0.323	-0.324	-0.324	3.27571487	2
	0.016000	9.0000	2.12212205	2.1221	1.6672	3.8260	3.3474	0.602	-0.406	-0.410	-0.411	-0.413	-0.418	-0.420	-0.421	3.27572083	2
	0.016000	9.0000	2.12226105	2.1223	1.6670	3.8150	3.3036	0.602	-0.488	-0.490	-0.493	-0.496	-0.502	-0.505	-0.506	3.27572775	2
	0.016000	9.0000	2.12242532	2.1224	1.6640	3.8041	3.2633	0.610	-0.562	-0.562	-0.566	-0.571	-0.577	-0.581	-0.583	3.27573586	2
	0.016000	9.0000	2.12262583	2.1226	1.6576	3.7935	3.2275	0.626	-0.625	-0.622	-0.627	-0.634	-0.642	-0.646	-0.648	3.27574563	2
	0.016000	9.0000	2.12289858	2.1229	1.6453	3.7825	3.1957	0.657	-0.676	-0.669	-0.676	-0.687	-0.695	-0.700	-0.701	3.27575898	2
	0.016000	9.0000	2.12324119	2.1232	1.6242	3.7712	3.1715	0.710	-0.708	-0.696	-0.705	-0.719	-0.728	-0.733	-0.735	3.27577567	2
	0.016000	9.0000	2.12353492	2.1235	1.6008	3.7624	3.1600	0.768	-0.714	-0.697	-0.708	-0.726	-0.736	-0.741	-0.742	3.27579021	2
	0.016000	9.0000	2.12384534	2.1238	1.5701	3.7537	3.1559	0.845	-0.702	-0.679	-0.692	-0.715	-0.725	-0.730	-0.731	3.27580523	2
	0.016000	9.0000	2.12411261	2.1241	1.5387	3.7464	3.1581	0.923	-0.677	-0.650	-0.665	-0.691	-0.702	-0.706	-0.706	3.27581835	2
	0.016000	9.0000	2.12442493	2.1244	1.4993	3.7382	3.1647	1.022	-0.640	-0.607	-0.623	-0.655	-0.664	-0.669	-0.669	3.27583361	2
	0.016000	9.0000	2.12472987	2.1247	1.4646	3.7304	3.1684	1.109	-0.610	-0.572	-0.589	-0.626	-0.635	-0.640	-0.639	3.27584863	2
	0.016000	9.0000	2.12511086	2.1251	1.4427	3.7214	3.1542	1.163	-0.622	-0.579	-0.597	-0.639	-0.648	-0.652	-0.650	3.27586722	2
	0.016000	9.0000	2.12549138	2.1255	1.4451	3.7132	3.1190	1.157	-0.688	-0.640	-0.660	-0.706	-0.715	-0.718	-0.716	3.27588558	3
	0.016000	9.0000	2.12556791	2.1256	1.4516	3.7118	3.1072	1.141	-0.714	-0.665	-0.685	-0.732	-0.741	-0.744	-0.741	3.27588940	3
	0.016000	9.0000	2.12595010	2.1260	1.4883	3.7056	3.0455	1.049	-0.852	-0.799	-0.820	-0.870	-0.880	-0.881	-0.878	3.27590799	3
	0.016000	9.0000	2.12633157	2.1263	1.5341	3.7005	2.9794	0.935	-1.004	-0.948	-0.970	-1.023	-1.032	-1.033	-1.029	3.27592659	3
	0.016000	9.0000	2.12663674	2.1266	1.5733	3.6969	2.9260	0.837	-1.128	-1.070	-1.092	-1.147	-1.156	-1.157	-1.155	3.27594161	3
	0.016000	9.0000	2.12694144	2.1269	1.6138	3.6936	2.8724	0.736	-1.254	-1.193	-1.217	-1.273	-1.282	-1.283	-1.283	3.27595639	3
	0.016000	9.0000	2.12724161	2.1272	1.6550	3.6905	2.8188	0.632	-1.379	-1.317	-1.341	-1.399	-1.408	-1.410	-1.411	3.27597094	3
	0.016000	9.0000	2.12753248	2.1275	1.6960	3.6875	2.7659	0.530	-1.504	-1.439	-1.464	-1.523	-1.532	-1.535	-1.537	3.27598524	3
	0.016000	9.0000	2.12781811	2.1278	1.7367	3.6847	2.7139	0.428	-1.627	-1.560	-1.585	-1.646	-1.655	-1.658	-1.662	3.27599907	3
	0.016000	9.0000	2.12810183	2.1281	1.7769	3.6820	2.6630	0.328	-1.747	-1.678	-1.704	-1.767	-1.775	-1.779	-1.784	3.27601290	3
	0.016000	9.0000	2.12824345	2.1282	1.7969	3.6807	2.6378	0.278	-1.806	-1.737	-1.763	-1.826	-1.835	-1.838	-1.844	3.27601981	3
	0.016000	9.0000	2.12838340	2.1284	1.8167	3.6794	2.6128	0.228	-1.866	-1.795	-1.821	-1.885	-1.894	-1.898	-1.904	3.27602649	3
	0.016000	9.0000	2.12866306	2.1287	1.8565	3.6768	2.5627	0.129	-1.984	-1.912	-1.938	-2.004	-2.012	-2.016	-2.024	3.27604032	3
	0.016000	9.0000	2.12893629	2.1289	1.8963	3.6742	2.5125	0.029	-2.103	-2.028	-2.056	-2.123	-2.131	-2.136	-2.144	3.27605343	3
	0.016000	9.0000	2.12920427	2.1292	1.9357	3.6715	2.4626	-0.069	-2.220	-2.144	-2.172	-2.240	-2.250	-2.255	-2.263	3.27606654	3
	0.016000	9.0000	2.12946939	2.1295	1.9756	3.6688	2.4120	-0.169	-2.340	-2.261	-2.290	-2.359	-2.369	-2.377	-2.384	3.27607942	3
	0.016000	9.0000	2.12973094	2.1297	2.0157	3.6661	2.3608	-0.269	-2.460	-2.380	-2.409	-2.478	-2.490	-2.499	-2.505	3.27609205	3
	0.016000	9.0000	2.12998843	2.1300	2.0559	3.6633	2.3096	-0.370	-2.580	-2.498	-2.529	-2.598	-2.612	-2.621	-2.627	3.27610469	3
	0.016000	9.0000	2.13023591	2.1302	2.0950	3.6605	2.2594	-0.467	-2.698	-2.614	-2.645	-2.716	-2.730	-2.741	-2.746	3.27611661	3
	0.016000	9.0000	2.13051605	2.1305	2.1399	3.6572	2.2014	-0.580	-2.834	-2.748	-2.780	-2.851	-2.867	-2.880	-2.884	3.27613020	3
	0.016000	9.0000	2.13075829	2.1308	2.1797	3.6543	2.1501	-0.679	-2.955	-2.866	-2.899	-2.971	-2.988	-3.002	-3.006	3.27614188	3
	0.016000	9.0000	2.13104153	2.1310	2.2269	3.6508	2.0889	-0.797	-3.098	-3.007	-3.041	-3.114	-3.132	-3.148	-3.151	3.27615571	3
	0.016000	9.0000	2.13128829	2.1313	2.2690	3.6476	2.0341	-0.903	-3.226	-3.133	-3.167	-3.241	-3.261	-3.277	-3.279	3.27616763	3
	0.016000	9.0000	2.13153172	2.1315	2.3116	3.6444	1.9788	-1.009	-3.356	-3.259	-3.295	-3.369	-3.391	-3.407	-3.409	3.27617955	3
	0.016000	9.0000	2.13179064	2.1318	2.3560	3.6410	1.9207	-1.120	-3.491	-3.392	-3.429	-3.503	-3.528	-3.544	-3.545	3.27619195	3
	0.016000	9.0000	2.13201785	2.1320	2.3941	3.6380	1.8708	-1.215	-3.608	-3.506	-3.544	-3.618	-3.645	-3.661	-3.662	3.27620292	3
	0.016000	9.0000	2.13228941	2.1323	2.4374	3.6347	1.8141	-1.324	-3.740	-3.636	-3.675	-3.749	-3.778	-3.794	-3.794	3.27621627	3
	0.016000	9.0000	2.13265300	2.1327	2.4819	3.6312	1.7558	-1.435	-3.876	-3.769	-3.809	-3.883	-3.915	-3.931	-3.931	3.27623367	3
	0.016000	9.0000	2.13266850	2.1327	2.4835	3.6311	1.7537	-1.439	-3.881	-3.774	-3.814	-3.888	-3.920	-3.936	-3.936	3.27623439	4
	0.016000	9.0000	2.13273716	2.1327	2.4530	3.6336	1.7942	-1.363	-3.787	-3.682	-3.721	-3.795	-3.825	-3.841	-3.841	3.27623773	4
	0.016000	9.0000	2.13275695	2.1328	2.4255	3.6357	1.8301	-1.294	-3.703	-3.600	-3.638	-3.712	-3.741	-3.757	-3.757	3.27623868	4
	0.016000	9.0000	2.13277411	2.1328	2.3971	3.6379	1.8673	-1.223	-3.616	-3.515	-3.553	-3.626	-3.654	-3.670	-3.670	3.27623963	4
	0.016000	9.0000	2.13279915	2.1328	2.3579	3.6410	1.9190	-1.125	-3.496	-3.397	-3.434	-3.508	-3.532	-3.549	-3.550	3.27624083	4
	0.016000	9.0000	2.13283134	2.1328	2.3083	3.6449	1.9842	-1.001	-3.344	-3.248	-3.284	-3.358	-3.379	-3.395	-3.397	3.27624249	4
	0.016000	9.0000	2.13287449	2.1329	2.2566	3.6488	2.0516	-0.872	-3.187	-3.094	-3.128	-3.202	-3.221	-3.237	-3.240	3.27624440	4
	0.016000	9.0000	2.13291955	2.1329	2.2172	3.6518	2.1031	-0.773	-3.067	-2.976	-3.010	-3.082	-3.100	-3.115	-3.118	3.27624655	4
	0.016000	9.0000	2.13298845	2.1330	2.1683	3.6555	2.1669	-0.651	-2.917	-2.830	-2.862	-2.934	-2.950	-2.964	-2.968	3.27624989	4
	0.016000	9.0000	2.13305497	2.1331	2.1298	3.6585	2.2171	-0.554	-2.800	-2.714	-2.746	-2.817	-2.832	-2.844	-2.849	3.27625322	4
	0.016000	9.0000	2.13313174	2.1331	2.0912	3.6613	2.2672	-0.458	-2.683	-2.599	-2.630	-2.700	-2.714	-2.725	-2.730	3.27625704	4
	0.016000	9.0000	2.13324571	2.1332	2.0436	3.6649	2.3289	-0.339	-2.538	-2.457	-2.487	-2.556	-2.569	-2.578	-2.584	3.27626252	4
	0.016000	9.0000	2.13339400	2.1334	1.9954	3.6684	2.3914	-0.219	-2.392	-2.313	-2.342	-2.411	-2.422	-2.429	-2.436	3.27626967	4
	0.016000	9.0000	2.13361502	2.1336	1.9462	3.6720	2.4550	-0.095	-2.243	-2.167	-2.195	-2.263	-2.272	-2.278	-2.285	3.27628040	4
	0.016000	9.0000	2.13402367	2.1340	1.8883	3.6762	2.5299	0.049	-2.068	-1.995	-2.021	-2.088	-2.096	-2.100	-2.107	3.27629995	4
	0.016000	9.0000	2.13437438	2.1344	1.8429	3.6795	2.5884	0.163	-1.930	-1.859	-1.886	-1.950	-1.958	-1.962	-1.968	3.27631688	4
	0.016000	9.0000	2.13467789	2.1347	1.8038	3.6824	2.6390	0.260	-1.811	-1.743	-1.769	-1.831	-1.840	-1.843	-1.848	3.27633166	4
	0.016000	9.0000	2.13511109	2.1351	1.7555	3.6859	2.7014	0.381	-1.665	-1.599	-1.624	-1.684	-1.693	-1.696	-1.699	3.27635264	4
	0.016000	9.0000	2.13573265	2.1357	1.7050	3.6896	2.7671	0.508	-1.511	-1.447	-1.472	-1.530	-1.539	-1.541	-1.543	3.27638245	4
	0.016000	9.0000	2.13661504	2.1366	1.6565	3.6934	2.8308	0.629	-1.362	-1.301	-1.324	-1.381	-1.390	-1.392	-1.391	3.27642512	4
	0.016000	9.0000	2.13785291	2.1379	1.6177	3.6967	2.8829	0.726	-1.241	-1.182	-1.205	-1.260	-1.269	-1.270	-1.268	3.27648473	4
	0.016000	9.0000	2.13864350	2.1386	1.6060	3.6978	2.8992	0.755	-1.204	-1.146	-1.168	-1.223	-1.232	-1.233	-1.230	3.27652264	5
	0.016000	9.0000	2.15000010	2.1500	1.6205	3.6979	2.8876	0.719	-1.239	-1.181	-1.203	-1.258	-1.267	-1.268	-1.265	3.27706480	5
	0.016000	9.0000	2.16188741	2.1619	1.6366	3.6980	2.8744	0.678	-1.279	-1.220	-1.243	-1.297	-1.306	-1.307	-1.304	3.27762485	5
	0.016000	9.0000	2.19178534	2.1918	1.6785	3.6985	2.8405	0.574	-1.380	-1.321	-1.344	-1.399	-1.408	-1.408	-1.405	3.27899981	5
	0.016000	9.0000	2.20000005	2.2000	1.6916	3.6986	2.8291	0.541	-1.412	-1.354	-1.376	-1.431	-1.440	-1.440	-1.437	3.27936959	5
	0.016000	9.0000	2.21805787	2.2181	1.7215	3.6985	2.8024	0.466	-1.488	-1.429	-1.451	-1.507	-1.516	-1.516	-1.513	3.28017020	5
	0.016000	9.0000	2.23961854	2.2396	1.7601	3.6979	2.7657	0.370	-1.589	-1.529	-1.552	-1.608	-1.617	-1.616	-1.614	3.28110504	5
	0.016000	9.0000	2.25000000	2.2500	1.7795	3.6974	2.7464	0.321	-1.641	-1.581	-1.604	-1.660	-1.669	-1.669	-1.666	3.28154731	5
	0.016000	9.0000	2.25806332	2.2581	1.7948	3.6971	2.7312	0.283	-1.682	-1.621	-1.644	-1.701	-1.710	-1.710	-1.707	3.28188729	5
	0.016000	9.0000	2.27394986	2.2739	1.8278	3.6956	2.6954	0.200	-1.775	-1.714	-1.737	-1.794	-1.803	-1.803	-1.801	3.28254843	6
	0.016000	9.0000	2.27944064	2.2794	1.8419	3.6946	2.6785	0.165	-1.817	-1.755	-1.779	-1.837	-1.845	-1.846	-1.844	3.28277421	6
	0.016000	9.0000	2.29357004	2.2936	1.8878	3.6907	2.6194	0.050	-1.961	-1.896	-1.921	-1.981	-1.989	-1.990	-1.991	3.28334904	6
	0.016000	9.0000	2.29558992	2.2956	1.8974	3.6897	2.6063	0.027	-1.992	-1.927	-1.951	-2.012	-2.020	-2.021	-2.022	3.28343058	7
	0.016000	9.0000	2.29999995	2.3000	2.1007	3.6720	2.3332	-0.482	-2.630	-2.552	-2.580	-2.649	-2.659	-2.663	-2.670	3.28360772	7
	0.016000	9.0000	2.30489755	2.3049	2.1203	3.6701	2.3069	-0.531	-2.693	-2.613	-2.642	-2.712	-2.722	-2.727	-2.734	3.28380346	7
	0.016000	9.0000	2.30642128	2.3064	2.1670	3.6661	2.2442	-0.647	-2.839	-2.757	-2.787	-2.857	-2.869	-2.876	-2.882	3.28386426	7
	0.016000	9.0000	2.30700159	2.3070	2.1944	3.6637	2.2073	-0.716	-2.925	-2.841	-2.872	-2.943	-2.955	-2.964	-2.970	3.28388739	7
	0.016000	9.0000	2.30728078	2.3073	2.2159	3.6618	2.1783	-0.770	-2.992	-2.907	-2.938	-3.010	-3.023	-3.033	-3.038	3.28389859	7
	0.016000	9.0000	2.30740023	2.3074	2.2316	3.6604	2.1571	-0.809	-3.041	-2.955	-2.987	-3.059	-3.072	-3.083	-3.088	3.28390336	7
	0.016000	9.0000	2.30746531	2.3075	2.2468	3.6591	2.1369	-0.847	-3.088	-3.002	-3.033	-3.105	-3.120	-3.131	-3.135	3.28390574	7
	0.016000	9.0000	2.30750823	2.3075	2.2607	3.6580	2.1184	-0.882	-3.131	-3.044	-3.076	-3.148	-3.163	-3.175	-3.179	3.28390765	7
	0.016000	9.0000	2.30758810	2.3076	2.2549	3.6585	2.1262	-0.867	-3.113	-3.026	-3.058	-3.130	-3.145	-3.156	-3.161	3.28391075	7
	0.016000	9.0000	2.30776978	2.3078	2.2494	3.6590	2.1337	-0.853	-3.096	-3.009	-3.041	-3.113	-3.128	-3.139	-3.143	3.28391790	7
	0.016000	9.0000	2.30906677	2.3091	2.3179	3.6533	2.0429	-1.025	-3.308	-3.217	-3.250	-3.324	-3.340	-3.354	-3.358	3.28396940	7
	0.016000	9.0000	2.30972385	2.3097	2.3651	3.6495	1.9807	-1.143	-3.453	-3.360	-3.394	-3.469	-3.486	-3.502	-3.505	3.28399563	7
	0.016000	9.0000	2.31031966	2.3103	2.4136	3.6455	1.9162	-1.264	-3.603	-3.507	-3.542	-3.617	-3.638	-3.653	-3.655	3.28401923	7
	0.016000	9.0000	2.31080317	2.3108	2.4594	3.6418	1.8556	-1.378	-3.744	-3.645	-3.681	-3.756	-3.780	-3.796	-3.797	3.28403831	7
	0.016000	9.0000	2.31116796	2.3112	2.4988	3.6386	1.8036	-1.477	-3.866	-3.763	-3.801	-3.876	-3.902	-3.918	-3.918	3.28405285	7
	0.016000	9.0000	2.31146407	2.3115	2.5341	3.6357	1.7567	-1.565	-3.975	-3.870	-3.909	-3.983	-4.012	-4.028	-4.028	3.28406453	7
	0.016000	9.0000	2.31169200	2.3117	2.5654	3.6331	1.7149	-1.644	-4.072	-3.965	-4.005	-4.079	-4.110	-4.125	-4.125	3.28407359	7
	0.016000	9.0000	2.31182766	2.3118	2.5894	3.6311	1.6829	-1.703	-4.146	-4.038	-4.078	-4.152	-4.185	-4.200	-4.199	3.28407884	7
	0.016000	9.0000	2.31198001	2.3120	2.6154	3.6290	1.6485	-1.768	-4.226	-4.116	-4.157	-4.231	-4.266	-4.281	-4.280	3.28408504	7
	0.016000	9.0000	2.31214428	2.3121	2.6407	3.6269	1.6149	-1.832	-4.304	-4.193	-4.234	-4.309	-4.344	-4.359	-4.358	3.28409147	7
	0.016000	9.0000	2.31231165	2.3123	2.6667	3.6248	1.5805	-1.897	-4.385	-4.271	-4.313	-4.387	-4.425	-4.440	-4.438	3.28409815	7
	0.016000	9.0000	2.31247234	2.3125	2.6924	3.6226	1.5461	-1.961	-4.464	-4.349	-4.392	-4.466	-4.505	-4.521	-4.519	3.28410435	7
	0.016000	9.0000	2.31263065	2.3126	2.7179	3.6204	1.5119	-2.025	-4.543	-4.426	-4.470	-4.544	-4.585	-4.600	-4.600	3.28411078	7
	0.016000	9.0000	2.31278682	2.3128	2.7448	3.6182	1.4759	-2.092	-4.626	-4.507	-4.553	-4.626	-4.668	-4.685	-4.685	3.28411698	7
	0.016000	9.0000	2.31293964	2.3129	2.7715	3.6159	1.4404	-2.159	-4.709	-4.587	-4.634	-4.707	-4.751	-4.768	-4.769	3.28412294	7
	0.016000	9.0000	2.31308985	2.3131	2.8031	3.6132	1.3981	-2.238	-4.807	-4.682	-4.731	-4.803	-4.850	-4.867	-4.868	3.28412890	7
	0.016000	9.0000	2.31324100	2.3132	2.8400	3.6101	1.3488	-2.330	-4.921	-4.793	-4.844	-4.916	-4.964	-4.983	-4.984	3.28413486	7
	0.016000	9.0000	2.31337643	2.3134	2.8842	3.6063	1.2894	-2.440	-5.058	-4.927	-4.979	-5.051	-5.103	-5.121	-5.124	3.28414011	7
	0.016000	9.0000	2.31340337	2.3134	2.8949	3.6054	1.2749	-2.467	-5.092	-4.959	-5.013	-5.084	-5.136	-5.155	-5.158	3.28414130	8
